0 0.7388232238590717 0.4995802864432335 0.08341322094202042 0.24981443583965302
0 0.9607264287769794 0.5601682960987091 0.07854709774255753 0.2815714478492737
0 0.6300060972571373 0.4516805410385132 0.06839685142040253 0.2818071246147156
0 0.48414904437959194 0.5181450992822647 0.05789751932024956 0.3921133577823639
0 0.2352531012147665 0.4567451775074005 0.020655106753110886 0.10603553056716919
0 0.9529239181429148 0.4280479773879051 0.03498201444745064 0.15725277364253998
0 0.26621740497648716 0.4611047953367233 0.01564817503094673 0.1481095254421234
0 0.3205666784197092 0.48059042543172836 0.02437775209546089 0.21975521743297577
0 0.22458291333168745 0.44885652512311935 0.016258811578154564 0.09030728042125702
0 0.8783579347655177 0.45729118678718805 0.01212606392800808 0.02514428086578846
