0 0.4175707623362541 0.540168046951294 0.10648541152477264 0.4310857057571411
0 0.7444122061133385 0.4437935799360275 0.09406404197216034 0.36435410380363464
0 0.9604039900004864 0.5593544691801071 0.07919206470251083 0.2801515758037567
0 0.24960054829716682 0.4618550315499306 0.034612514078617096 0.15133781731128693
0 0.28733106330037117 0.4755227118730545 0.04219195991754532 0.21569392085075378
0 0.21593629755079746 0.45275311544537544 0.026689577847719193 0.1072266474366188
0 0.6200691945850849 0.45703065395355225 0.046537019312381744 0.2540358304977417
0 0.5017395615577698 0.5367194414138794 0.04000449180603027 0.36044901609420776
0 0.9532245043665171 0.4289016127586365 0.033579159528017044 0.1590414047241211
0 0.4821814177557826 0.4765865243971348 0.024364328011870384 0.09511638432741165
0 0.19588100910186768 0.4405667744576931 0.009807884693145752 0.05770891159772873
0 0.32227961998432875 0.45634037256240845 0.01603553257882595 0.16876482963562012
0 0.6389541514217854 0.4626380205154419 0.04673776775598526 0.24428075551986694
0 0.7056666491553187 0.3453722856938839 0.013701057061553001 0.03940730541944504
