0 0.7390859723091125 0.44753025472164154 0.0862877368927002 0.3514721691608429
0 0.25477709993720055 0.4628460928797722 0.03845920413732529 0.15040431916713715
0 0.9605689868330956 0.5587769895792007 0.07886199653148651 0.27891620993614197
0 0.6199263222515583 0.4509117901325226 0.050057269632816315 0.2674105763435364
0 0.21791144274175167 0.4540821388363838 0.025294136255979538 0.10687501728534698
0 0.2992255985736847 0.4770704656839371 0.04675030708312988 0.21214434504508972
0 0.4453662633895874 0.5414184182882309 0.12033295631408691 0.4262489378452301
0 0.953714644536376 0.4281858056783676 0.033255767077207565 0.160262793302536
0 0.32265554647892714 0.45674245804548264 0.015542840585112572 0.15247230231761932
0 0.49593780003488064 0.5727961957454681 0.0493130199611187 0.2734065651893616
0 0.7057038070634007 0.3466002643108368 0.013300085440278053 0.042021095752716064
