0 0.8787253126502037 0.4474831223487854 0.14494352042675018 0.4447370767593384
0 0.22129213251173496 0.48217859864234924 0.049655962735414505 0.21844792366027832
0 0.2783474698662758 0.4862143099308014 0.0679299384355545 0.27033472061157227
0 0.9601873531937599 0.5580478608608246 0.07962532341480255 0.28440940380096436
0 0.19266662001609802 0.47299548983573914 0.035909414291381836 0.17800462245941162
0 0.5061223395168781 0.5174443870782852 0.03682980686426163 0.4285808503627777
0 0.4080559201538563 0.542389914393425 0.08829126507043839 0.4358738362789154
0 0.043662718118866906 0.6569177657365799 0.0871327668428421 0.4787900149822235
0 0.24346574861556292 0.46460147202014923 0.025686049833893776 0.14817258715629578
0 0.47860569320619106 0.4849484786391258 0.03310127183794975 0.09275631606578827
0 0.9538069609552622 0.4281592592597008 0.030890274792909622 0.1529894322156906
0 0.20718550961464643 0.41782441828399897 0.008797502145171165 0.026412667706608772
