0 0.7684939615428448 0.43145470321178436 0.10435976833105087 0.4058121144771576
0 0.960280179977417 0.5594560950994492 0.07943964004516602 0.2830391824245453
0 0.2709023654460907 0.5559723079204559 0.15837642550468445 0.5043558478355408
0 0.48835520818829536 0.5295512527227402 0.06625375896692276 0.38555917143821716
0 0.6129679325968027 0.45113880932331085 0.05555372312664986 0.23712816834449768
0 0.22034023702144623 0.4210166744887829 0.01734292507171631 0.080083929002285
0 0.2047928450629115 0.4506647624075413 0.021101688966155052 0.10250193625688553
0 0.953029215335846 0.4290740564465523 0.03361654281616211 0.16111774742603302
0 0.19589579105377197 0.43444331362843513 0.01512688398361206 0.06632033735513687
0 0.1778987436555326 0.44017066061496735 0.009376811794936657 0.025803416967391968
0 0.1988528547808528 0.450228750705719 0.016430174931883812 0.09577620029449463
