0 0.7694099768996239 0.43311330676078796 0.117723748087883 0.3988860249519348
0 0.2956211194396019 0.5562315583229065 0.12382690608501434 0.4895300269126892
0 0.9602187387645245 0.5595259070396423 0.07956256717443466 0.2773745656013489
0 0.2291288822889328 0.4632016122341156 0.03211331367492676 0.16715139150619507
0 0.4918871335685253 0.531406581401825 0.06069650501012802 0.38963139057159424
0 0.2080632895231247 0.451393011957407 0.022443771362304688 0.10683584958314896
0 0.19854179956018925 0.44859667494893074 0.017886269837617874 0.09930161386728287
0 0.6164029128849506 0.45222823321819305 0.061095334589481354 0.2441805899143219
0 0.9532533530145884 0.428852804005146 0.033448029309511185 0.15967650711536407
0 0.24853110872209072 0.49154412373900414 0.02277238294482231 0.1197238489985466
