0 0.23903809860348701 0.47997618466615677 0.037169672548770905 0.21517910063266754
0 0.8344051614403725 0.44374556839466095 0.14329905807971954 0.41147029399871826
0 0.28199904039502144 0.4834520071744919 0.050927139818668365 0.25577834248542786
0 0.9602678529918194 0.5598041266202927 0.07946433871984482 0.2848435342311859
0 0.203751927241683 0.46971502155065536 0.03841216489672661 0.17430941760540009
0 0.08115430641919374 0.6106507480144501 0.1529138684272766 0.5707465410232544
0 0.44462884217500687 0.5474629104137421 0.09956212341785431 0.42375802993774414
0 0.9526868462562561 0.4286978989839554 0.03361654281616211 0.1560772955417633
0 0.5098637938499451 0.5354801416397095 0.02731800079345703 0.3820570111274719
0 0.1881006183102727 0.4502914100885391 0.017329955473542213 0.09626278281211853
0 0.4789686556905508 0.4839923530817032 0.03322191163897514 0.09393522143363953
0 0.18107154360041022 0.43499770388007164 0.014325904659926891 0.0710759088397026
0 0.25096828024834394 0.46321386843919754 0.020583366975188255 0.15000899136066437
