0 0.38209282606840134 0.5524561405181885 0.11746089160442352 0.46416175365448
0 0.7562161572277546 0.4345895051956177 0.11541209369897842 0.38179710507392883
0 0.9605086669325829 0.558945894241333 0.0789826363325119 0.27813780307769775
0 0.2725811116397381 0.47585279494524 0.0514691099524498 0.2150859385728836
0 0.2121977750211954 0.452420711517334 0.025319982320070267 0.10605841875076294
0 0.23742600902915 0.4617523178458214 0.03754451125860214 0.1539832204580307
0 0.49951680935919285 0.5323266088962555 0.04421429708600044 0.38066381216049194
0 0.6254824623465538 0.45724354684352875 0.06604938209056854 0.2505442202091217
0 0.31917096953839064 0.4729798138141632 0.023014044389128685 0.2018328309059143
0 0.9530646558851004 0.43007442355155945 0.034115981310606 0.15841984748840332
0 0.19479739060625434 0.4385261405259371 0.00970523338764906 0.0609724260866642
0 0.20247694849967957 0.43647683784365654 0.015306353569030762 0.07255431264638901
