0 0.25596240162849426 0.4639578238129616 0.03824806213378906 0.14830835163593292
0 0.9609016552567482 0.5599590837955475 0.07819671928882599 0.28028780221939087
0 0.6217908374965191 0.449764147400856 0.05479135364294052 0.27318164706230164
0 0.735478401184082 0.450640469789505 0.07756567001342773 0.3257557153701782
0 0.3053781632333994 0.47937876731157303 0.05538957193493843 0.21307618916034698
0 0.46176425367593765 0.5425658226013184 0.12174959480762482 0.4293000102043152
0 0.2203503604978323 0.4554424025118351 0.025037001818418503 0.10575438290834427
0 0.9534195549786091 0.42894645780324936 0.03348550945520401 0.16112802922725677
0 0.7059267284348607 0.347709434106946 0.013745689764618874 0.0450311042368412
0 0.21160515258088708 0.43867678195238113 0.01329429168254137 0.08172793686389923
0 0.19782769680023193 0.4388924352824688 0.010163843631744385 0.06121131032705307
