0 0.855808675289154 0.44626662135124207 0.13884806632995605 0.44236069917678833
0 0.960006557404995 0.5593696087598801 0.07998685538768768 0.2837246358394623
0 0.23224525526165962 0.47932952642440796 0.03568682819604874 0.21761351823806763
0 0.28094845451414585 0.4814106971025467 0.059261251240968704 0.2620523273944855
0 0.2005190011113882 0.47090698778629303 0.03670598194003105 0.1711706817150116
0 0.04946319758892059 0.6072036027908325 0.09892639517784119 0.5741882920265198
0 0.5099360821768641 0.5269255489110947 0.028552627190947533 0.43774184584617615
0 0.42067350074648857 0.5441816598176956 0.07882418483495712 0.4315420687198639
0 0.9519214276224375 0.4286635220050812 0.03468828275799751 0.1539977788925171
0 0.18458323180675507 0.44925179705023766 0.018149733543395996 0.09959840029478073
0 0.322052001953125 0.4577203691005707 0.01489555835723877 0.14521539211273193
0 0.24900253396481276 0.4647173583507538 0.022349214181303978 0.14661365747451782
