0 0.7533882148563862 0.43830280005931854 0.11169109493494034 0.3735831081867218
0 0.39656515046954155 0.5448355227708817 0.10023786872625351 0.4494253695011139
0 0.9602466449141502 0.5588975995779037 0.07950668036937714 0.2780781686306
0 0.28142994083464146 0.4755530059337616 0.03884940221905708 0.21468091011047363
0 0.21387067157775164 0.45214298367500305 0.02764143981039524 0.10817396640777588
0 0.2398077305406332 0.4609347805380821 0.03680272027850151 0.15204404294490814
0 0.6214783191680908 0.45702773332595825 0.044365644454956055 0.2519279718399048
0 0.5006370190531015 0.5360336452722549 0.042456913739442825 0.37204650044441223
0 0.9532783981412649 0.42942554503679276 0.034040164202451706 0.15827776491641998
0 0.19548557698726654 0.43957527354359627 0.008838832378387451 0.05930290371179581
0 0.7053917408920825 0.34564970433712006 0.013270330615341663 0.03954014182090759
0 0.20250664930790663 0.43954557925462723 0.012395298108458519 0.06555743515491486
0 0.3213639613240957 0.4520942345261574 0.017830323427915573 0.16704393923282623
0 0.48330771923065186 0.478938315063715 0.02579474449157715 0.0955958440899849
