0 0.46058348566293716 0.5511756390333176 0.10139746963977814 0.41787949204444885
0 0.12642648816108704 0.5961211025714874 0.17030683159828186 0.5796059370040894
0 0.8194505199790001 0.4386956989765167 0.13041357696056366 0.42113301157951355
0 0.2097586803138256 0.469044953584671 0.03948929160833359 0.171261727809906
0 0.9600048884749413 0.5586428046226501 0.0799901932477951 0.28388702869415283
0 0.2485819272696972 0.47972941398620605 0.0462275967001915 0.21584057807922363
0 0.28581545874476433 0.48488062620162964 0.048323534429073334 0.2512184977531433
0 0.9521531108766794 0.42847130447626114 0.03480129316449165 0.1568421870470047
0 0.19061927497386932 0.4495125524699688 0.018493473529815674 0.09799202531576157
0 0.492131095379591 0.5620184391736984 0.06194343417882919 0.2599566876888275
0 0.18400270026177168 0.43563271686434746 0.01641819439828396 0.07693960517644882
