0 0.7410512790083885 0.4873226284980774 0.08663301169872284 0.26665377616882324
0 0.9608438722789288 0.5598880648612976 0.07831230014562607 0.2794569730758667
0 0.6270410064607859 0.44868597388267517 0.06170063093304634 0.2763819694519043
0 0.4709334075450897 0.527988851070404 0.09397673606872559 0.4095362424850464
0 0.26374511141330004 0.4576435834169388 0.021166706457734108 0.14271345734596252
0 0.2319727959111333 0.45414455980062485 0.023894453421235085 0.10774938762187958
0 0.3160901665687561 0.4747946932911873 0.028955698013305664 0.20409448444843292
0 0.222679334692657 0.44691578298807144 0.015359258279204369 0.0903605967760086
0 0.9528721682727337 0.42767249792814255 0.03503265231847763 0.15770165622234344
0 0.18174551706761122 0.42910794354975224 0.011368310078978539 0.05084546282887459
