0 0.7644923105835915 0.4317227452993393 0.12021179497241974 0.3903499245643616
0 0.9602132551372051 0.5598545223474503 0.07957353442907333 0.2790991961956024
0 0.3267090804874897 0.5617332309484482 0.09448275715112686 0.4735042154788971
0 0.26697157323360443 0.47423119843006134 0.038452982902526855 0.21319076418876648
0 0.23123415373265743 0.4634512886404991 0.03440267965197563 0.1609576791524887
0 0.49596018716692924 0.5325684994459152 0.0511416420340538 0.3832291066646576
0 0.20919470209628344 0.45256737247109413 0.02465834654867649 0.1041143611073494
0 0.6196876280009747 0.45352576673030853 0.06795348972082138 0.24666425585746765
0 0.2011988847516477 0.44398603215813637 0.01429824810475111 0.09427905827760696
0 0.9530650731176138 0.42980362474918365 0.03383226320147514 0.16073426604270935
0 0.1911241738125682 0.43752814270555973 0.010302459821105003 0.054223377257585526
