0 0.36202826350927353 0.5616205185651779 0.1175801008939743 0.4737606346607208
0 0.7577006332576275 0.4321463108062744 0.11516442149877548 0.38874465227127075
0 0.9601767770946026 0.5591786801815033 0.07964649051427841 0.27856045961380005
0 0.27207403257489204 0.4759239926934242 0.052939273416996 0.21420462429523468
0 0.4970153979957104 0.5331424176692963 0.05000653117895126 0.37999171018600464
0 0.236513483338058 0.4628123939037323 0.03076932393014431 0.15683013200759888
0 0.21016774512827396 0.45295559987425804 0.025630522519350052 0.10614251345396042
0 0.6257338747382164 0.45627856254577637 0.06401686370372772 0.24690622091293335
0 0.3070907173678279 0.4759959429502487 0.019847368821501732 0.20077744126319885
0 0.19360734522342682 0.43859877064824104 0.011621594429016113 0.06349525600671768
0 0.9530521631240845 0.43038707971572876 0.0334324836730957 0.159895658493042
0 0.20225247461348772 0.4384054131805897 0.015489602461457253 0.07942954450845718
